+++++++++++++++
11924149 200047
15209923 4082353
12059624 2818251
16008521 418489
17501509 3629317
14935903 2045623
11414848 4562874
15873996 448371
10905097 3582573
10401215 2045166
+++++++++++++++
17514810 2218081
19184022 3121812
13725377 4665410
14969079 628460
17579256 2210576
17402049 5133688
10254057 1444871
12259218 3964306
17608287 3364555
15934468 5939106
+++++++++++++++
19640151 1369531
16235877 3884451
10859123 3470619
18211162 3358821
13786311 1494981
15986287 4149041
13406010 1324510
14459998 1923457
18920695 2573940
11872017 5124957
+++++++++++++++
17549089 5089474
14973836 2731059
18135388 5872410
10258196 1462909
12263578 5450803
12046368 2648926
19674810 1516369
14129573 2802149
12178822 5389634
17037728 4118583
+++++++++++++++
11572406 4542130
16915023 273361
18229970 4818897
18511599 3965181
19367156 6136439
12935273 1302364
16321708 1882205
18912047 3133456
17739674 2190493
13897496 1478444
