+++++++++++++++
10068970 200051
19119148 5137851
11239910 3896608
17228762 563132
19482939 4737955
16071144 2957427
12345212 5505009
15428458 612220
11505171 4693480
10671045 2956863
+++++++++++++++
19097891 3178441
17247393 4230598
16459216 5575232
17958400 903662
19469319 3168902
17723557 5857586
10425748 2137401
12413284 5038299
19435824 4479496
15935601 6168823
+++++++++++++++
19953023 2029559
17573107 4968764
11429766 4585207
18241819 4473859
12604475 2208573
16717080 5192582
10935693 1964363
13239006 2797447
19161023 3614588
13095023 5852964
+++++++++++++++
15378642 5833736
13469329 3797012
15933222 6153476
10432697 2163255
13737506 6009047
11880695 3701928
18430408 2239051
11035587 3878401
13597009 5982453
16654593 5167539
+++++++++++++++
12322149 5490275
13169190 322709
16617252 5675473
14308564 5039007
18450103 6197689
15235108 1932047
17626979 2742171
18798733 4242960
18548993 3143659
12111120 2185150
