+++++++++++++++
1119437 2
4797275 151122
1985224 106554
6987063 9410
9446238 135860
4798594 76701
648266 166195
4981011 10694
78040 134230
580619 76683
+++++++++++++++
6382416 83499
9373653 117796
5741477 169236
6199756 18395
7049078 83201
7398748 182066
592425 52491
3161318 147217
7581717 126528
3971142 198208
+++++++++++++++
9772447 49407
7158715 144532
950202 130303
8869642 126325
4219018 54542
4460276 153301
2456383 47553
1618812 71852
9248980 97303
939040 181843
+++++++++++++++
4721735 180931
3969173 103257
4919156 197328
926797 53228
795774 189553
4008927 100139
9119358 55416
4319544 105948
494508 188196
7650754 152303
+++++++++++++++
1527360 165562
6654509 3174
6505845 173648
7508800 147243
8670398 199892
3258167 46634
5513273 70199
8731987 118219
8367461 82413
4475054 53861
